10000
4693 2140
3973 3186
1938 5260
6490 8042
9236 4435
1266 3972
8213 7185
2497 2126
753 6424
3632 9080
1301 2165
7721 8398
6406 1677
3107 3459
187 2536
1503 4058
2191 8180
9392 789
2587 6362
8127 3618
1797 8671
7155 2222
7845 1906
6757 5532
1204 4975
2576 5893
8528 1084
7706 8690
8693 4310
1476 1179
7789 861
9329 898
4697 954
5902 5058
3266 7420
4407 7922
8394 6650
4578 319
3915 500
6020 9284
1679 8273
2848 3397
9420 272
2192 3512
9830 4307
8271 4432
1832 5850
4578 8477
7693 4576
4002 766
8859 6128
6642 2725
3222 4527
153 8723
7493 3124
7155 4734
3570 70
6550 1296
2622 429
432 898
3086 476
9987 678
1314 2241
2832 2031
9108 5668
5435 2758
1403 1392
8201 7257
2678 1655
532 2424
2495 6658
1555 5149
3427 3437
5558 3165
7048 1573
7633 659
675 1237
7709 8272
7884 4746
365 5197
357 7234
4707 5445
2806 4695
4725 9485
8582 8573
3314 7762
4741 2409
3945 548
5512 372
6615 6097
1831 1633
8792 8707
4614 3722
6 9846
158 7167
2626 8954
2281 103
2455 4442
3148 1861
658 2086
9631 132
7281 9331
1029 7413
1334 4539
2272 3862
631 3449
2423 1879
4505 8651
9143 4468
2220 8571
6333 2529
6455 4930
427 4563
4183 3578
4455 4426
5763 9043
5309 3983
6720 4823
1463 8275
7946 6617
318 7598
5174 4133
9374 2049
9805 35
4704 5442
6091 8815
1056 640
3375 2801
3940 1462
1949 8955
7617 9216
7814 6494
7303 6924
930 3927
3155 2589
1874 6951
2554 362
8981 9806
4866 1268
4810 5437
98 3913
104 735
8503 3031
2359 3147
9037 1909
3229 9054
366 3222
3011 4206
6920 5057
6262 5170
1167 8256
558 9546
853 8851
1343 7266
8230 6236
3336 323
9821 1980
7177 7201
2197 5448
5916 4360
2034 5074
9057 7107
4349 1721
6343 3062
1969 6866
1796 3145
463 5920
3805 5449
3125 4431
2198 2011
2449 7121
485 3526
2699 3534
135 3429
4631 1719
3563 8896
1400 6844
1392 5318
9539 2747
1134 7851
3994 9079
269 5681
1219 2687
3133 8074
5810 2886
6654 2139
8277 8635
7341 5129
7656 1554
3482 325
3383 9264
2684 9066
6804 9153
4550 4108
5668 5184
9019 6373
6918 6489
8195 2494
8653 5612
2030 6953
9728 4868
