10000
3506 861
5680 5035
6380 893
8192 891
2330 8506
6024 337
6811 7369
3844 322
3221 3885
1475 4535
818 6844
9774 7396
9501 9125
9192 1732
7269 7493
6181 405
7259 8696
5495 8410
5611 162
438 4198
3232 9542
3183 2778
1120 9305
9838 1595
295 7491
7541 402
7296 3072
903 7489
4232 2174
1587 4240
3149 1066
672 1961
152 7729
5544 9909
5098 8407
1518 1241
3740 3376
4804 4486
6968 5778
773 3073
9252 9515
1538 147
3277 8360
1551 5124
4826 3147
4867 6260
640 1330
8541 6968
1210 3453
2068 2061
1123 6441
2613 9533
1509 8475
9465 1741
1065 1423
3140 9156
1743 3872
4702 4016
9753 8837
620 7960
1718 207
9990 3470
8299 3281
8281 2839
2708 5244
2079 9369
8338 9142
9099 7533
4498 5634
3624 2148
9072 5403
6996 3445
6489 8247
5195 4259
8553 9110
223 491
2353 4388
3202 7155
2339 9845
8567 5421
6701 9233
9650 9674
4816 5379
6382 7592
5057 438
6584 7927
6843 2331
2460 7881
2854 9966
6954 8480
4301 3639
8677 2111
5487 4187
3823 6764
9296 2939
7005 9401
2798 3220
9455 4211
3590 3709
2748 5157
1684 6388
2608 9676
2708 1172
4854 1053
4049 1254
8170 5805
1726 8425
3877 4142
4437 6288
8255 2706
8781 8694
5697 1730
6228 7769
3599 1491
6737 4503
4715 6114
1713 815
5015 3525
8667 1501
9542 6658
9314 6944
8710 7917
5366 1118
5363 3302
5469 9571
4209 7617
4178 6955
7468 3750
9539 7103
6986 5571
275 5386
3876 3260
3282 2801
5360 9505
9970 3331
8134 4110
5964 14
6759 7864
5457 4565
2498 5631
2473 6208
5128 9599
9178 6750
7671 6711
5760 7214
6969 272
32 2109
9130 1760
4617 5391
266 9556
130 4597
8660 3484
5949 5794
4639 5863
2179 9303
3739 4607
2469 8793
3766 4459
4228 2450
3396 2852
9973 4648
4205 1493
9443 4854
4710 6204
3449 1255
3686 6181
7804 6459
9575 5085
7723 5943
3963 6349
4571 2439
2987 7136
6408 1341
2565 4128
508 2754
176 5874
7864 6392
1342 4310
9268 7766
2936 3153
7358 5094
8351 8301
5505 9673
2224 8765
2888 4680
9794 3362
6239 8578
2226 7746
2807 8783
5876 145
8784 587
2756 7079
1830 6229
7511 4213
6101 6272
1291 809
2537 5449
3300 4062
7782 3356
6885 4251
1858 9178
