10000
9219 1997
119 1172
2573 8697
6502 2207
9392 3498
9736 9701
5340 5421
2750 8950
3003 1719
3980 4254
4476 6053
55 1391
8020 1570
3647 5058
7166 8284
4280 1469
541 9176
3513 574
573 7966
9650 4126
7558 5610
5861 4458
7042 46
1583 7110
2688 3753
1677 1654
7010 6726
7758 2583
8054 9802
7759 6329
484 5102
1630 7258
4548 4228
6575 3811
8099 4411
7196 9992
5144 9606
6705 5615
533 8894
7889 478
6192 6035
8208 7978
7001 6649
4867 148
6877 8749
9748 2876
6226 2391
8851 4590
319 2549
8297 66
6033 888
7708 8815
5444 555
6144 9753
7116 5256
6017 1146
4180 5109
1073 1196
208 3433
4921 3065
2855 1051
9085 7255
5933 7282
8901 3349
2244 9424
8072 911
6279 6711
19 6581
7857 7078
6299 2849
3780 1816
8612 5059
1109 9980
2277 5243
2287 3651
3791 824
3308 1914
2680 4302
125 4251
6377 146
3285 5804
525 1544
7298 5439
3788 176
9049 4863
2493 7674
7601 5434
7550 3415
9527 8355
1391 5888
7492 5407
2528 7269
6437 6396
2231 685
6434 3688
7274 415
4961 6015
3187 4027
173 2347
14 5087
4766 5282
3955 3689
6548 9665
8613 2310
8228 4738
6088 5583
4057 5039
9930 9013
9236 7333
9621 6937
8520 9795
9645 2590
1051 9523
7668 9755
178 4317
7432 7137
210 964
1229 3217
3480 9439
6749 7896
3857 8656
291 2296
5326 971
8739 5842
2208 3174
5500 4292
4096 6110
246 7755
7600 303
7310 1615
6139 2569
7706 5255
9898 1612
2703 43
7652 7475
7019 8759
9462 5045
5114 8626
8441 4670
5108 1786
1844 2524
5466 606
2532 9617
6202 355
4539 7979
3842 7792
8848 3706
9081 4382
9347 7476
514 8579
4657 6112
603 8533
6074 3165
2117 1730
9202 1520
462 7126
918 7588
7135 9930
9414 1857
6801 7471
9845 1770
3830 1510
453 8842
5538 3146
4318 8434
6568 1979
3666 7688
8129 6102
6333 8025
3046 6178
1679 864
4183 9017
1953 9546
8217 5313
2337 437
697 5276
70 1692
9395 671
4553 5870
9812 8094
2172 7662
9562 1672
3887 8110
7051 8968
5819 3513
4660 4608
4008 1532
4253 143
6951 3426
2905 4803
7091 9658
2574 926
6752 8058
1468 8215
2944 5005
2173 1730
7842 5795
5625 4219
5016 951
7992 9455
3919 3614
